10 1289 1.74981 0.0314319 2.86479 0.0228005 17.1233 0.0934565 8.78972 0.0513927
10 1536 1.62231 0.0367582 1.9905 0.0168852 22.3068 0.0954273 17.3274 0.0816034
5 1536 1.65077 0.0308524 1.66672 0.0142471 22.3445 0.0918004 17.734 0.0748993
5 1289 1.78432 0.0348412 2.47094 0.0197181 16.4182 0.0797209 9.54624 0.0515305
5 1267 1.78949 0.0340922 2.52287 0.0229217 16.1223 0.0890559 8.97819 0.0540284
5 1517 1.67332 0.0310405 1.71117 0.0132098 22.0021 0.0841663 17.306 0.0690198
1 1536 1.63644 0.0327573 1.54301 0.011725 23.3645 0.0817934 18.4801 0.0722427
1 1289 1.73432 0.0348628 2.16741 0.0173479 16.2579 0.0662943 10.0468 0.0495098
1 1244 1.85441 0.0431634 2.24852 0.0201785 15.2161 0.073794 8.7785 0.0487454
1 1468 1.66627 0.0350789 1.70995 0.013005 21.2537 0.0745064 16.1219 0.0659732
1 1468 1.51883 0.0302447 1.70995 0.013005 21.2537 0.0745064 16.1219 0.0659732
1 1468 1.51883 0.0302447 1.70995 0.013005 21.2537 0.0745064 16.1219 0.0659732
